text 0
[0.022044088176352707, 0.04408817635270541, 0.056112224448897796, 0.07214428857715431, 0.08817635270541083, 0.11422845691382766, 0.13026052104208416, 0.1402805611222445, 0.16432865731462926, 0.1843687374749499, 0.19839679358717435, 0.21042084168336672, 0.23046092184368738, 0.250501002004008, 0.2665330661322645, 0.2845691382765531, 0.3066132264529058, 0.3226452905811623, 0.34468937875751504, 0.3627254509018036, 0.38276553106212424, 0.40080160320641284, 0.4188376753507014, 0.44488977955911824, 0.4749498997995992, 0.49298597194388777, 0.5070140280561122, 0.5250501002004008, 0.5370741482965932, 0.5591182364729459, 0.5831663326653307, 0.5991983967935872, 0.6192384769539078, 0.6372745490981964, 0.6513026052104208, 0.6693386773547094, 0.6833667334669339, 0.7094188376753507, 0.7234468937875751, 0.7454909819639278, 0.7595190380761523, 0.7695390781563126, 0.7895791583166333, 0.8196392785571143, 0.8316633266533067, 0.843687374749499, 0.8617234468937875, 0.8797595190380761, 0.9018036072144289, 0.9178356713426854, 0.9418837675350702, 0.9599198396793587, 0.9779559118236473, 0.9939879759519038]

text 1
[0.01002004008016032, 0.028056112224448898, 0.04609218436873747, 0.06012024048096192, 0.06813627254509018, 0.0781563126252505, 0.09418837675350701, 0.11022044088176353, 0.1282565130260521, 0.15030060120240482, 0.16633266533066132, 0.1843687374749499, 0.20841683366733466, 0.23246492985971945, 0.250501002004008, 0.2625250501002004, 0.2925851703406814, 0.31462925851703405, 0.3306613226452906, 0.35070140280561124, 0.37074148296593185, 0.38877755511022044, 0.40480961923847697, 0.4288577154308617, 0.45090180360721444, 0.4729458917835671, 0.49298597194388777, 0.5070140280561122, 0.5230460921843687, 0.5490981963927856, 0.5691382765531062, 0.5831663326653307, 0.6012024048096193, 0.627254509018036, 0.6412825651302605, 0.6613226452905812, 0.685370741482966, 0.7094188376753507, 0.7294589178356713, 0.7434869739478958, 0.7615230460921844, 0.781563126252505, 0.7955911823647295, 0.8156312625250501, 0.8396793587174348, 0.8597194388777555, 0.8837675350701403, 0.9018036072144289, 0.9158316633266533, 0.9278557114228457, 0.9519038076152304, 0.9759519038076152, 0.9899799599198397]

text 2
[0.014028056112224449, 0.03406813627254509, 0.04809619238476954, 0.06613226452905811, 0.08617234468937876, 0.10020040080160321, 0.11422845691382766, 0.1342685370741483, 0.16633266533066132, 0.18837675350701402, 0.21042084168336672, 0.23446893787575152, 0.250501002004008, 0.27655310621242485, 0.2905811623246493, 0.3246492985971944, 0.342685370741483, 0.374749498997996, 0.3927855711422846, 0.41282565130260523, 0.42685370741482964, 0.44288577154308617, 0.46292585170340683, 0.4909819639278557, 0.5090180360721442, 0.5290581162324649, 0.5490981963927856, 0.5671342685370742, 0.5791583166332666, 0.5971943887775552, 0.6172344689378757, 0.6392785571142284, 0.6713426853707415, 0.6953907815631263, 0.7154308617234469, 0.7434869739478958, 0.7755511022044088, 0.7955911823647295, 0.8236472945891784, 0.8376753507014028, 0.8537074148296593, 0.8697394789579158, 0.8837675350701403, 0.8977955911823647, 0.9178356713426854, 0.9338677354709419, 0.9679358717434869, 0.9839679358717435]

text 3
[0.014056224899598393, 0.03614457831325301, 0.05220883534136546, 0.06827309236947791, 0.09036144578313253, 0.11044176706827309, 0.12650602409638553, 0.18473895582329317, 0.20481927710843373, 0.21887550200803213, 0.23694779116465864, 0.25100401606425704, 0.2710843373493976, 0.29116465863453816, 0.3152610441767068, 0.3333333333333333, 0.35943775100401604, 0.3755020080321285, 0.39759036144578314, 0.42369477911646586, 0.4397590361445783, 0.46184738955823296, 0.4718875502008032, 0.4859437751004016, 0.5060240963855421, 0.5301204819277109, 0.5421686746987951, 0.5562248995983936, 0.5803212851405622, 0.608433734939759, 0.6325301204819277, 0.6465863453815262, 0.6626506024096386, 0.6827309236947792, 0.7008032128514057, 0.7208835341365462, 0.7389558232931727, 0.7550200803212851, 0.7730923694779116, 0.7931726907630522, 0.8072289156626506, 0.8232931726907631, 0.8453815261044176, 0.8654618473895582, 0.8855421686746988, 0.9016064257028112, 0.9216867469879518, 0.9397590361445783, 0.9618473895582329, 0.9799196787148594]

text 4
[0.018036072144288578, 0.03807615230460922, 0.052104208416833664, 0.08216432865731463, 0.10821643286573146, 0.13627254509018036, 0.1523046092184369, 0.1743486973947896, 0.19438877755511022, 0.21442885771543085, 0.23246492985971945, 0.24849699398797595, 0.2685370741482966, 0.2845691382765531, 0.2985971943887776, 0.3186372745490982, 0.3346693386773547, 0.3527054108216433, 0.3687374749498998, 0.3847695390781563, 0.4168336673346693, 0.43887775551102204, 0.45090180360721444, 0.4709418837675351, 0.48697394789579157, 0.5070140280561122, 0.5210420841683366, 0.533066132264529, 0.5511022044088176, 0.5671342685370742, 0.591182364729459, 0.6112224448897795, 0.625250501002004, 0.6432865731462926, 0.6593186372745491, 0.6813627254509018, 0.7034068136272545, 0.717434869739479, 0.7454909819639278, 0.7715430861723447, 0.8016032064128257, 0.8196392785571143, 0.8376753507014028, 0.8617234468937875, 0.8777555110220441, 0.8997995991983968, 0.9178356713426854, 0.9519038076152304, 0.9759519038076152, 0.9979959919839679]

